plane generation packages from scratch by gopacket
2024/10/30 12:50:49 1048576 iterations took 368.668989ms
---
building base eth/ip, and then building tcp with regular gopacket buffer
2024/10/30 13:20:57 1048576 iterations took 311.599868ms
---
building skeleton, changing dst port and calculating checksum
2024/11/07 11:37:43 1048576 iterations took 10.87022ms
---










----
tcp checksum position: 50,51
ip checksum position: 24,25

ip fragment starts: 14
ip fragment ends: 33

tcp fragment starts: 34
tcp fragment ends: 53

---
                                            ip                     sum sum                         ip tcp                                    sum sum
[52 199 226 162 54 95 24 1 136 9 152 38 8 0 69 0 0 40 0 0 0 0 64 6 246 83 192 168 1 100 192 168 1 200 255 255 71 77 0 0 0 0 0 0 0 0 80 2 0 0 228 24 0 0 0 0 0 0 0 0]
[52 199 226 162 54 95 24 1 136 9 152 38 8 0 69 0 0 40 0 0 0 0 64 6 246 83 192 168 1 100 192 168 1 200 255 255 148 228 0 0 0 0 0 0 0 0 80 2 0 0 150 129 0 0 0 0 0 0 0 0]
[52 199 226 162 54 95 24 1 136 9 152 38 8 0 69 0 0 40 0 0 0 0 64 6 246 83 192 168 1 100 192 168 1 200 255 255 141 113 0 0 0 0 0 0 0 0 80 2 0 0 157 244 0 0 0 0 0 0 0 0]
[52 199 226 162 54 95 24 1 136 9 152 38 8 0 69 0 0 40 0 0 0 0 64 6 246 83 192 168 1 100 192 168 1 200 255 255 125 25 0 0 0 0 0 0 0 0 80 2 0 0 174 76 0 0 0 0 0 0 0 0]
[52 199 226 162 54 95 24 1 136 9 152 38 8 0 69 0 0 40 0 0 0 0 64 6 246 83 192 168 1 100 192 168 1 200 255 255 56 214 0 0 0 0 0 0 0 0 80 2 0 0 242 143 0 0 0 0 0 0 0 0]
[52 199 226 162 54 95 24 1 136 9 152 38 8 0 69 0 0 40 0 0 0 0 64 6 246 83 192 168 1 100 192 168 1 200 255 255 26 217 0 0 0 0 0 0 0 0 80 2 0 0 16 141 0 0 0 0 0 0 0 0]
[52 199 226 162 54 95 24 1 136 9 152 38 8 0 69 0 0 40 0 0 0 0 64 6 246 83 192 168 1 100 192 168 1 200 255 255 169 186 0 0 0 0 0 0 0 0 80 2 0 0 129 171 0 0 0 0 0 0 0 0]
                                  10                      20                             30
test
[52 199 226 162 54 95 24 1 136 9 152 38 8 0 69 0 0 40 0 0 0 0 64 6 247 27 192 168 1 100 192 168 1 200 255 255 182 179 0 0 0 0 0 0 0 0 80 2 0 0 249 67 0 0 0 0 0 0 0 0]